4294967294,0
4294967278,66
4294967279,288
4294967278,574
4294967278,288
4294967279,363
4294967278,565
4294967279,394
4294967278,286
4294967278,62
183,74
183,73
4294967279,177
4294967278,175
183,47
183,46
183,72
183,71
183,70
4294967279,173
4294967279,172
4294967278,170
4294967279,373
183,69
183,45
183,68
183,67
4294967279,169
183,66
183,65
183,0
183,64
183,39
183,44
183,43
183,42
4294967278,346
4294967279,328
183,41
183,40
4294967278,132
4294967278,129
4294967278,127
4294967278,126
4294967278,125
4294967278,124
4294967278,123
4294967278,121
4294967278,118
4294967278,330
183,33
183,38
183,37
183,36
183,35
183,34
183,28
183,32
4294967279,330
183,31
4294967278,117
4294967278,116
4294967278,115
4294967278,114
4294967278,113
4294967278,112
4294967278,111
4294967278,110
4294967278,107
4294967278,105
4294967278,104
4294967278,103
4294967278,102
4294967278,101
4294967278,100
4294967278,97
4294967278,95
4294967278,94
4294967278,93
4294967278,92
4294967278,91
4294967278,90
4294967278,89
4294967278,87
4294967278,85
183,30
183,29
183,16
183,27
183,26
183,25
183,24
183,23
183,22
183,21
183,20
183,19
183,13
183,18
183,17
4294967278,83
4294967278,82
4294967278,81
4294967278,80
4294967278,79
4294967278,78
4294967278,77
4294967278,76
4294967278,75
4294967278,74
4294967278,73
4294967278,72
4294967278,71
4294967278,70
4294967278,69
4294967278,64
4294967278,63
4294967278,60
4294967278,59
4294967278,58
4294967279,72
4294967279,71
4294967279,69
4294967279,68
4294967279,67
4294967279,66
4294967279,65
4294967279,64
4294967279,63
4294967279,62
4294967279,61
4294967279,60
4294967279,59
4294967279,58
4294967279,57
4294967279,56
4294967279,55
4294967279,54
4294967279,53
4294967279,51
4294967279,50
4294967279,48
4294967279,47
4294967279,46
4294967279,42
4294967279,40
4294967279,38
4294967279,37
4294967279,35
4294967279,32
4294967279,30
4294967279,29
4294967279,28
4294967279,27
4294967279,26
4294967279,25
4294967279,21
4294967279,19
4294967279,18
4294967279,17
4294967279,16
4294967279,15
4294967279,14
4294967279,11
4294967279,9
4294967279,8
4294967279,7
4294967279,6
4294967279,5
4294967279,4
183,15
4294967278,345
4294967279,397
183,14
183,12
183,5
183,11
183,10
183,9
183,8
183,7
183,6
4294967279,166
4294967279,165
4294967279,164
4294967279,163
4294967279,160
4294967279,158
4294967278,339
4294967278,539
4294967278,0
4294967279,414
4294967279,348
4294967279,0
4294967278,131
4294967278,130
4294967278,128
4294967278,122
4294967278,120
4294967278,119
4294967278,109
4294967278,108
4294967278,99
4294967278,98
4294967278,96
4294967278,86
4294967278,84
4294967279,70
4294967279,52
4294967279,49
4294967279,45
4294967279,44
4294967279,43
4294967279,41
4294967279,39
4294967279,36
4294967279,34
4294967279,33
4294967279,31
4294967279,24
4294967279,23
4294967279,22
4294967279,20
4294967279,13
4294967278,231
4294967294,1413
4294967294,51
4294967294,52
4294967294,1098
4294967294,82
4294967294,1412
4294967294,83
184,8
184,0
4294967279,159
184,7
184,6
4294967279,153
4294967279,151
4294967279,150
4294967279,149
4294967279,148
4294967279,147
4294967279,262
4294967279,259
4294967278,218
4294967278,216
4294967279,215
4294967278,205
4294967278,204
4294967278,203
4294967278,202
4294967279,202
4294967278,199
4294967278,197
4294967278,196
4294967278,193
4294967278,192
4294967279,192
4294967278,191
4294967278,190
4294967278,189
4294967279,184
4294967278,183
4294967279,183
4294967278,182
4294967278,181
4294967279,180
4294967278,176
4294967279,171
4294967279,170
4294967278,169
4294967278,168
4294967279,161
4294967278,160
4294967278,159
4294967278,154
4294967278,153
4294967278,149
4294967278,148
4294967279,146
4294967279,144
4294967279,143
4294967278,143
4294967279,142
4294967279,141
4294967279,139
4294967279,138
4294967278,138
4294967279,273
4294967278,274
4294967278,136
4294967279,134
4294967278,134
4294967279,272
4294967279,271
4294967279,283
4294967279,277
4294967279,269
4294967278,282
4294967279,268
4294967278,281
4294967279,265
4294967279,264
4294967279,12
4294967279,346
4294967278,560
4294967279,282
4294967278,263
4294967279,10
4294967279,275
4294967278,262
4294967279,274
4294967279,280
4294967278,258
4294967279,256
4294967278,257
4294967279,255
4294967278,256
4294967278,255
4294967278,512
4294967278,319
4294967279,319
4294967278,317
4294967278,542
4294967279,314
4294967278,314
4294967278,559
4294967278,252
4294967279,248
4294967278,243
4294967278,242
4294967278,240
4294967278,234
4294967278,106
4294967279,222
4294967278,220
4294967294,81
4294967294,166
4294967294,400
4294967294,394
4294967294,24
4294967294,1
4294967294,401
4294967294,7
4294967294,6
4294967294,50
4294967294,104
4294967294,106
4294967294,25
4294967294,175
4294967294,176
4294967294,1411
4294967294,12
4294967294,1013
4294967294,27
4294967294,68
4294967294,11
4294967294,424
4294967294,469
0,5
